1335715777 3551297863 15572557
3058091197 394986221 12806050
3214739636 1272556544 43474947
2194583281 3796992984 5908188
1795111705 3569682225 74131978
2761913827 2554114847 40731321
163407858 97246509 38153094
201560952 135399603 99530224
2940391010 2113359463 79167148
1379193735 3838257748 62489021
605586814 1626110823 487248640
1210765693 2673739436 122138279
2657443462 2449644482 104470365
1332903972 3566870420 2811805
1092835454 1468044840 52984152
3612861396 610695664 247630343
4056909324 407792271 18897075
1351288334 3900746769 27905401
2200491469 2958550754 43716751
3070897247 426689346 143842389
2563990948 2356191968 93452514
3860491739 2192526611 17573017
430342797 3077819515 14543393
1441682756 3140553634 112714328
1554397084 1521028992 105081831
1659478915 858326007 135632790
1195705829 4279907432 15059864
4075806399 3372259011 179038852
2490006393 570531735 40163929
2244208220 2795877715 126807124
3272482070 3939528106 340379326
444886190 3092362908 48190726
1145819606 3027933292 49886223
2371015344 3253267962 118991049
3878064756 3002267505 25665787
1869243683 993958797 278597747
3258214583 1316031491 14267487
2802645148 1330298978 137745862
2563752764 2673501252 238184
3903730543 3643814203 153178781
97246509 234929827 66161349
2158717366 2922684839 35865915
2147841430 3928652170 10875936
3019558158 2594846168 38533039
493076916 2210099628 112509898
2530170322 2322609526 33582442
394986221 3802901172 35356576
4254845251 2633379207 40122045