1568324830 3576584364 32633066
300199016 474209742 262529847
3559913667 3345416335 231168029
1042084677 290085772 184123970
0 27095618 110260307
562728863 0 7921916
1860347496 3086490828 96440514
1956788010 3609217430 226060373
262990154 1080572947 37208862
2182848383 3062438579 9763931
589824481 1443076400 49986334
639810815 1329220256 113856144
1600957896 1568324830 245101282
2310901200 1813426112 1249012467
3791081696 3835277803 341400607
1846059178 3072202510 14288318
4132482303 3182931342 162484993
2192612314 4176678410 118288886
965105406 736739589 76979271
753666959 1117781809 211438447
110260307 137355925 152729847
1226208647 813718860 266854087
570650779 7921916 19173702