2002559950 382000741 90685628
285136495 3669200023 235300945
1697895437 3029658057 91190914
2333974289 2655904102 65571245
283606237 1729595262 1530258
3395579298 2846931786 182726271
3908077331 4156397993 58163239
1641412094 1383382121 13076534
3171401086 1731125520 55619959
2399545534 283606237 11466807
2411012341 694053237 46713076
555564215 2831795288 15136498
570700713 1473120509 221347978
520437440 1694468487 35126775
1640428391 3411773949 983703
2936877085 306865692 75135049
3578305569 2167033125 54004942
1076200859 2221038067 81247286
3884751672 1148097778 23325659
3632310511 746654088 139828329
4189239539 3506297541 50289650
1909020061 3412757652 93539889
2709622442 740766313 5887775
792048691 1911214447 163922279
3999452535 4264264797 30702499
3159608438 295073044 11792648
1064487544 2588752680 11713315
1172524157 902820295 245277483
1789086351 1263448411 119933710
2715510217 472686369 221366868
2093245578 3147917902 240728711
1417801640 2366125929 222626751
3303682899 2075136726 91896399
955970970 4214561232 49703565
1157448145 2302285353 15076012
3012012134 3388646613 23127336
3966240570 1230236446 33211965
4030155034 2317361365 48764564
3227021045 1396458655 76661854
3035139470 1786745479 124468968
2457725417 3904500968 251897025
1005674535 1171423437 58813009
4078919598 2721475347 110319941
1654488628 886482417 16337878
3772138840 3556587191 112612832
1670826506 3120848971 27068931
4239529189 2600465995 55438107