2642418175 2192252668 3835256
2646253431 2276158914 101631202
2640809144 3719389865 1609031
2439110058 2377790116 121628096
439727986 2712085714 392957193
993018128 1316992003 327657967
832685179 1875058987 50438969
2796039666 0 1107546829
182253984 3569317158 150072707
2747884633 1826903954 48155033
2268424297 3406848659 162468499
0 1644649970 182253984
1794130013 2499418212 105266207
2560738154 2196087924 80070990
1512587867 1925497956 72096972
2094053960 3729216158 174370337
1320676095 3105042907 191911772
1899396220 1997594928 194657740
2430892796 3720998896 8217262
1584684839 1107546829 209445174
332326691 2604684419 107401295
883124148 3296954679 109893980