1486714106 1238503832 507721065
637816737 149749818 437782225
1182620803 2675299784 39248251
3597657865 3775149764 175910008
3773567873 3962939269 152626038
3000531163 3487988055 287161709
1221869054 1043346723 160011771
1417026163 2117544922 69687943
3584687325 3000531163 12970540
3938073408 3484898614 3089441
4154999630 4115565307 65971879
3941162849 3087497490 97611489
427771233 2337712270 210045504
2132339212 587532043 265793132
4220971509 3013501703 73995787
3926193911 3951059772 11879497
3287692872 3271363394 97309928
3385002800 3185108979 86254415
277291828 2187232865 150479405
1075598962 1746224897 107021841
1994435171 2714548035 137904041
2398132344 1853246738 264298184
4038774338 3368673322 116225292
0 2547757774 127542010
127542010 0 149749818
2662430528 853325175 190021548
3471257215 4181537186 113430110
1381880825 1203358494 35145338