2776202835 2235980179 978805
79456303 770215397 125672111
350944915 144658185 147068664
239335677 1555124158 884128
3153890512 3800437685 109571794
240219805 0 95968287
2078890110 4167578198 41164706
3637428670 2781740910 54319513
3511657938 2772352153 5987732
2771529423 3277605929 4673412
498013579 291726849 399032245
3691748183 3910009479 257568719
3548876568 3282279341 16553363
3135162288 2217251955 18728224
2161038070 2836060423 259888366
3565429931 4208742904 71998739
3952717927 3799896230 541455
2777181640 2500118625 179031937
3953259382 3395098982 156601616
4109860998 3298832704 70018024
2580082919 1819987413 191446504
1398347285 895887508 382372949
205128414 1556008286 34207263
2956213577 2011433917 178948711
3517645670 2679150562 4361571
336188092 129901362 14756823
1364414210 95968287 33933075
1173909525 1590215549 190504685
3263462306 3551700598 248195632
2420926436 2495861681 4256944
1819987413 2236958984 258902697
2120054816 3095948789 26757601
4179879022 2683512133 88840020
3522007241 2190382628 26869327
2146812417 4280741643 14225653
0 690759094 79456303
897045824 1278260457 276863701
4268719042 3368850728 26248254
2425183380 3122706390 154899539
3949316902 2778339885 3401025