52352735 734025495 196243881
3196736017 3686620279 539418860
4260073591 2346541810 34893705
3824140629 2381435515 128703321
460535344 312464861 85993982
963896761 930269376 1539501
2058204537 3345283958 241067289
1428799796 3586351247 100269032
3077002514 1717378211 119733503
2792038862 1432414559 284963652
0 683119049 18725350
2738205765 2731593698 53833097
248596616 6913757 211938728
953587656 0 6913757
3736154877 2818563473 87985752
1988337486 2311649339 34892471
668927450 398458843 284660206
2023229957 3310309378 34974580
18725350 951959788 13476474
2631325954 2191463345 25160101
1295231825 2967131323 133567971
2491590802 2510138836 139735152
546529326 701844399 32181096
3952843950 2906549225 60582098
1882790692 3100699294 48444656
2354408068 1295231825 137182734
4153221679 4226039139 68928157
2299901593 3288939581 21369797
2321271390 2785426795 33136678
578710422 222247833 90217028
4013426048 3149143950 139795631
1529068828 1837741481 353721864
1931235348 2216623446 57102138
32201824 931808877 20150911
2299271826 1837111714 629767
960501413 218852485 3395348
4222149836 2273725584 37923755
2656486055 2649873988 81719710